Собственные значения: [ 1.83935184e+00 -1.78794946e+00  1.83935113e+00 -1.78795016e+00
  1.63351470e+00  1.63351470e+00 -1.50053588e+00  1.49591891e+00
  1.44264276e+00 -1.43111263e+00 -1.50003528e+00  1.47740312e+00
 -1.44941490e+00  1.40400823e+00 -1.40843165e+00 -1.14554302e+00
  1.14589467e+00 -1.25457760e+00  1.18729747e+00  9.37521714e-01
 -9.34151767e-01  9.87280759e-01 -8.73146717e-01 -7.80406073e-01
  7.70848438e-01 -7.53975444e-01  7.01118787e-01  6.19995850e-01
  4.00347767e-01 -4.00347767e-01 -5.41043449e-01 -5.16181296e-01
 -4.80536073e-01  4.77461027e-01 -4.40855643e-01  4.08591123e-01
  3.04746335e-01 -3.04746335e-01 -3.11306367e-01  3.09597163e-01
 -3.09828558e-01  2.84972729e-01 -2.59325027e-01  2.38911978e-01
 -2.04138932e-01  1.09243096e-01 -1.20435525e-02  5.10647824e-03
 -2.42787176e-15]
Собственные значения (точные): [ 1.83935184e+00 -1.78795016e+00  0.00000000e+00  1.63351470e+00
 -1.49375133e+00  1.48913436e+00  1.47761393e+00 -1.46608381e+00
  1.42047252e+00 -1.40843165e+00  3.17641821e-01 -3.17290168e-01
  1.09224051e+00 -1.08887056e+00  9.87280759e-01  0.00000000e+00
 -8.73146717e-01 -7.80406073e-01  7.70848438e-01 -7.53975444e-01
  7.01118787e-01  6.19995850e-01 -5.41043449e-01  0.00000000e+00
 -5.16181296e-01 -4.81787359e-01  4.78712313e-01  0.00000000e+00
 -4.40855643e-01  4.08591123e-01  0.00000000e+00 -3.11987661e-01
  2.65103717e-01  0.00000000e+00 -2.64653819e-01  0.00000000e+00
  2.84972729e-01 -2.59325027e-01  2.38911978e-01  0.00000000e+00
 -2.04138932e-01  1.09243096e-01 -1.20435525e-02  5.10647824e-03
  0.00000000e+00 -6.50416545e-17 -3.20916967e-17  0.00000000e+00
  2.94141549e-17 -2.49820921e-17]
Ошибка для СЗ: [1.77635684e-15 7.04455748e-07 1.83935113e+00 3.42146486e+00
 3.12726603e+00 1.44380338e-01 2.97814981e+00 2.96200271e+00
 2.21702426e-02 2.26809760e-02 1.81767710e+00 1.79469328e+00
 2.54165541e+00 2.49287879e+00 2.39571241e+00 1.14554302e+00
 2.01904139e+00 4.74171524e-01 4.16449033e-01 1.69149716e+00
 1.63527055e+00 3.67284909e-01 3.32103268e-01 7.80406073e-01
 1.28702973e+00 2.72188085e-01 2.22406474e-01 6.19995850e-01
 8.41203410e-01 8.08938890e-01 5.41043449e-01 2.04193634e-01
 7.45639790e-01 4.77461027e-01 1.76201824e-01 4.08591123e-01
 1.97736057e-02 4.54213083e-02 5.50218345e-01 3.09597163e-01
 1.05689626e-01 1.75729633e-01 2.47281474e-01 2.33805500e-01
 2.04138932e-01 1.09243096e-01 1.20435525e-02 5.10647824e-03
 2.45728591e-15]
